co = [0 0 1;
      0 0.7 0;
      1 0 0;
      0 0.75 0.75;
      0.75 0 0.75;
      0.75 0.75 0;
      0.25 0.25 0.25;
      0.75 0. 0;
      0 0 0.6
      0  1  0      
      ];